"ID","Type","Name","Documentation","Source","Target","Specialization"
"98d124d5-71a3-41bb-a214-f2274714ad7c","AssignmentRelationship","","","a3c02fa5-b5a2-4127-a967-cdf675be0a6b","71576894-e6f0-49e0-b063-a9cb137c5735",""
"cb1895c5-f8f5-4c6c-b6c7-b4cb3217266e","AssignmentRelationship","","","9ea5cd66-ce64-499e-92af-5e3f86960186","e7e35059-6c4c-47d6-ba75-157ce33de0b9",""
"ca6bb08e-2a72-4372-a315-73c0487bad60","AssignmentRelationship","","","e7e35059-6c4c-47d6-ba75-157ce33de0b9","7d275ffe-0804-473c-bae7-18cb9cd96385",""
"42f018f6-6a20-46dc-8e65-96e7544d63f3","CompositionRelationship","","","71576894-e6f0-49e0-b063-a9cb137c5735","e48d10d2-0813-40e7-a252-b22a892ad985",""
"c15e0cdb-c32a-4d4c-a999-578318146e78","CompositionRelationship","","","b779d28a-a8b5-444b-8ec3-32eabd8e257f","b3ade1c3-7ef5-4643-9477-212f31781589",""
"2b4e16cb-7fd0-42e4-a3c8-65788c9ad6d1","CompositionRelationship","","","b779d28a-a8b5-444b-8ec3-32eabd8e257f","60ce5052-5eb1-4cea-b164-ea620f0ef63a",""
"d93d758d-530d-4520-9814-c3da7b3d9e6d","CompositionRelationship","","","b779d28a-a8b5-444b-8ec3-32eabd8e257f","a700e3a7-f400-438c-8a55-a33b74322a44",""
"2ba6b700-67aa-4192-aa49-9d8446a66924","CompositionRelationship","","","b779d28a-a8b5-444b-8ec3-32eabd8e257f","8d4de14d-e9f0-4915-a82c-060ff60e82a4",""
"0fe2daca-b630-451a-aed6-b621e8d8e0d5","CompositionRelationship","","","b779d28a-a8b5-444b-8ec3-32eabd8e257f","0e8c0551-bf5b-490f-9643-5e98898f2fb1",""
"95fc9a34-d97a-4b37-962f-0ab0f085d3c6","CompositionRelationship","","","b779d28a-a8b5-444b-8ec3-32eabd8e257f","02eadf86-450e-42f3-b6da-0a4fa04f01a3",""
"c32f9b04-8862-413d-bb72-53810076344d","CompositionRelationship","","","7d275ffe-0804-473c-bae7-18cb9cd96385","4a0f839a-e490-4e37-bcfd-3a64c4cf962b",""
"40ed4c6e-33c2-47f6-848d-3d9d6631e2d3","CompositionRelationship","","","7d275ffe-0804-473c-bae7-18cb9cd96385","55baf678-347f-4871-86dc-de37808ca24f",""
"eb577f36-2b73-472c-8a5c-daf5f1c3b246","CompositionRelationship","","","7d275ffe-0804-473c-bae7-18cb9cd96385","ea0cdb43-5512-4df4-958e-78c944cd1635",""
"a6c08bc3-82be-45ff-8208-2ed3e215a9a0","CompositionRelationship","","","7d275ffe-0804-473c-bae7-18cb9cd96385","d8cd9779-b081-4742-9dc5-684ccfae6d66",""
"75a88280-f399-471f-bb38-2bc7322b32ed","CompositionRelationship","","","7d275ffe-0804-473c-bae7-18cb9cd96385","dd5315c5-f541-4bd2-a6ae-66ec176b7158",""
"ab965df2-0dbd-4dbf-8710-7f4389e72e7f","CompositionRelationship","","","7d275ffe-0804-473c-bae7-18cb9cd96385","d80f739b-8ce4-407f-a3a1-04c5c4aa906f",""
"c84a99ab-9960-48ff-89e4-576aac2c090e","CompositionRelationship","","","7d275ffe-0804-473c-bae7-18cb9cd96385","90838b24-6cf0-4476-898a-a0c22d4934e2",""
"6f7678ed-b5fd-4149-b52a-85940e29cbc1","CompositionRelationship","","","b779d28a-a8b5-444b-8ec3-32eabd8e257f","6db09d8c-c9d5-42e1-b6ae-57ee631b60b1",""
"a597a488-8587-447c-8400-128de860a754","CompositionRelationship","","","e4413451-a49e-40d3-aa20-b3e1a1af9d0b","9e72dc9f-4f37-4ec0-a671-b2fe899fd630",""
"764fc238-1621-467d-ae7d-6a22e4cd6501","CompositionRelationship","","","e4413451-a49e-40d3-aa20-b3e1a1af9d0b","991a8613-b268-4b67-9c52-7956945b80f3",""
"ce7ab99d-e767-44ba-99c9-f722f7c12f54","CompositionRelationship","","","991a8613-b268-4b67-9c52-7956945b80f3","f3705c25-559e-4b89-a2ca-15677e842b2c",""
"61f2c1d6-e4b1-454e-95c2-50e845a3325c","CompositionRelationship","","","991a8613-b268-4b67-9c52-7956945b80f3","08380b9e-541c-4156-a8e5-fd9f38faaec1",""
"4a2ebd16-438c-49d0-a920-6dc14f38e8c0","CompositionRelationship","","","e4413451-a49e-40d3-aa20-b3e1a1af9d0b","f3705c25-559e-4b89-a2ca-15677e842b2c",""
"7538b7ed-1ba0-4a2f-9aab-6fd6225e8349","CompositionRelationship","","","e4413451-a49e-40d3-aa20-b3e1a1af9d0b","08380b9e-541c-4156-a8e5-fd9f38faaec1",""
"22192ca6-1f8b-410d-87d3-0ed955ddb428","CompositionRelationship","","","e4413451-a49e-40d3-aa20-b3e1a1af9d0b","4f7eec2d-190c-4f76-b1ff-7ae61154e3ff",""
"59a8ec65-f463-4d43-b01b-3189aef15056","CompositionRelationship","","","011d4faf-7917-40fe-8f54-57f57214cba2","0b92266d-6eb5-44d8-a429-105311249116",""
"72e849af-8730-4b09-86c0-ab0031eb9178","CompositionRelationship","","","e4413451-a49e-40d3-aa20-b3e1a1af9d0b","79bb1efa-bb84-4464-9ce1-de2ffc42eb37",""
"f2088433-43b8-435e-900b-39c9dbb73df4","CompositionRelationship","","","011d4faf-7917-40fe-8f54-57f57214cba2","b3dcbfed-847a-4821-b79e-5970c3bb3e00",""
"3ca2eeba-ad58-4a84-9fef-ad72643b27a9","CompositionRelationship","","","011d4faf-7917-40fe-8f54-57f57214cba2","dd661028-4552-4841-ba53-beaa9f3fdbe9",""
"dd702fc6-3942-4871-8a94-a2fb46a2afd2","CompositionRelationship","","","011d4faf-7917-40fe-8f54-57f57214cba2","5be2452a-d962-4f64-9ade-8419f3d0db50",""
"4adb07d2-8325-4915-8d16-06f701485b44","CompositionRelationship","","","011d4faf-7917-40fe-8f54-57f57214cba2","940e2443-8a7b-4cc8-b2f7-3f89e6d38fde",""
"4a9f2ac3-e780-4d93-ad71-06d6dd5428ac","CompositionRelationship","","","011d4faf-7917-40fe-8f54-57f57214cba2","6a734a17-bc94-44ef-afdb-b209f214fce3",""
"bafdd787-dc59-463f-a870-896444296d39","CompositionRelationship","","","011d4faf-7917-40fe-8f54-57f57214cba2","770e6308-14ea-43a6-8bf7-e5665872d478",""
"962f81bb-55d3-4665-9994-36f8a1e7c2a7","CompositionRelationship","","","011d4faf-7917-40fe-8f54-57f57214cba2","d8b2066b-b937-4ac4-a330-3a3ee75a8029",""
"0450f0e9-edb0-4cd0-b4d8-8cc278dc0103","CompositionRelationship","","","011d4faf-7917-40fe-8f54-57f57214cba2","91153ec7-bfe8-4d51-b402-46a49e5af110",""
"9feede7b-744c-4f6e-8b11-15b8ad833f58","CompositionRelationship","","","011d4faf-7917-40fe-8f54-57f57214cba2","47ec9056-a495-4a79-ac1f-f7213d07170f",""
"e7791804-d378-4cdf-87fd-ae13e418d7a7","CompositionRelationship","","","011d4faf-7917-40fe-8f54-57f57214cba2","a5ace720-618a-4533-b734-755ce7928f70",""
"b8e6769a-763c-4d94-a73e-f9072a6e28e1","CompositionRelationship","","","011d4faf-7917-40fe-8f54-57f57214cba2","f982a094-1582-404e-88b1-c1f54e0bd747",""
"3c9eb243-4860-4062-9045-4ee8944f6122","CompositionRelationship","","","011d4faf-7917-40fe-8f54-57f57214cba2","34665629-b390-42b7-a13c-f4fb8caf2533",""
"244dc12d-4fe8-4f14-9d48-ca339e0f7acf","CompositionRelationship","","","011d4faf-7917-40fe-8f54-57f57214cba2","0debc6b3-aad5-4455-96ea-395958ce6eb7",""
"43417dbb-3985-4f08-b353-4d44b5bc9812","CompositionRelationship","","","011d4faf-7917-40fe-8f54-57f57214cba2","71059047-2c5c-425b-a6a0-ff0c639513f6",""
"956ebcde-3396-4524-9748-171e6c69ac1e","CompositionRelationship","","","011d4faf-7917-40fe-8f54-57f57214cba2","2005b087-7e34-40e0-a81e-86dbbfd40cfc",""
"d7fc3731-8b6a-49c6-82bf-cb188729b23f","CompositionRelationship","","","011d4faf-7917-40fe-8f54-57f57214cba2","afaedec5-4fca-439e-b59b-78a6794a7be5",""
"aa4c592c-8a3e-40b1-9bb3-477059e8b3df","CompositionRelationship","","","011d4faf-7917-40fe-8f54-57f57214cba2","e4813e8e-bd12-4808-b511-8afbf569b00d",""
"759692e5-4c8d-459f-8327-dacf4b06d644","CompositionRelationship","","","011d4faf-7917-40fe-8f54-57f57214cba2","fdabba3f-9bbb-425e-bd87-0124beb38a6b",""
"c6e39f76-e22f-4a3c-b92f-7dab832ba97c","CompositionRelationship","","","011d4faf-7917-40fe-8f54-57f57214cba2","0df89ce3-b402-4858-bb3a-742747fff367",""
"b4298349-dd97-4025-afa4-6bd7ac0a44e1","CompositionRelationship","","","011d4faf-7917-40fe-8f54-57f57214cba2","b93274d0-6b1b-4a2d-9a09-af1fafc60011",""
"eb6fbc65-4899-4892-8e3e-1ad869068790","CompositionRelationship","","","011d4faf-7917-40fe-8f54-57f57214cba2","e3f0321a-896d-4532-9abb-950ad432a50f",""
"aa641ad4-1c38-464b-b0eb-4eb5d4b56752","CompositionRelationship","","","011d4faf-7917-40fe-8f54-57f57214cba2","3cdebf56-a0e9-495b-b8c5-4d5d1d5107ab",""
"7265cc87-19c2-498c-bac5-feeeb1599b55","CompositionRelationship","","","011d4faf-7917-40fe-8f54-57f57214cba2","f276115c-5862-4194-8535-a862c9f2108a",""
"853374e9-4611-4581-afb2-3923e17d39d8","CompositionRelationship","","","011d4faf-7917-40fe-8f54-57f57214cba2","52706bb6-66de-43d5-926d-4aa9e6039088",""
"6127e90d-8786-4f7e-bcc7-b189f18f2f8c","CompositionRelationship","","","011d4faf-7917-40fe-8f54-57f57214cba2","b9075648-3998-450b-88b7-592cb250c9ec",""
"3eb6b624-c6cc-48a2-afea-9ad3f396dd87","CompositionRelationship","","","e4413451-a49e-40d3-aa20-b3e1a1af9d0b","e08b59a3-730a-444b-856e-dccd4369b07e",""
"a0d06b9f-a7be-49af-8a3b-e72f2981194b","RealizationRelationship","","","6a442a2b-ef37-40ec-9143-395226c581d5","b3ade1c3-7ef5-4643-9477-212f31781589",""
"a74318e9-2134-4f6d-a70c-9b97ad39efed","RealizationRelationship","","","8b9d7aba-c683-48bc-93d3-347a6261fffb","b3ade1c3-7ef5-4643-9477-212f31781589",""
"b68e679b-982c-4ca5-ba34-db14651b0fa1","RealizationRelationship","","","4a0f839a-e490-4e37-bcfd-3a64c4cf962b","02eadf86-450e-42f3-b6da-0a4fa04f01a3",""
"923916a2-62f4-449d-96b7-0dfc2ade8c68","RealizationRelationship","","","55baf678-347f-4871-86dc-de37808ca24f","a700e3a7-f400-438c-8a55-a33b74322a44",""
"ffdf7cd9-1bba-402b-98c5-333d46eeade4","RealizationRelationship","","","ea0cdb43-5512-4df4-958e-78c944cd1635","b3ade1c3-7ef5-4643-9477-212f31781589",""
"025bd7d3-e56c-4f69-a37b-bd8b05914009","RealizationRelationship","","","d8cd9779-b081-4742-9dc5-684ccfae6d66","b3ade1c3-7ef5-4643-9477-212f31781589",""
"b0274ea1-db05-400a-96a3-e492f8abe062","RealizationRelationship","","","c6c42a81-34f1-4bcc-ba85-01c5682a060f","b3ade1c3-7ef5-4643-9477-212f31781589",""
"b75b9e4e-a5c2-46b3-ba7f-e44288c063a9","RealizationRelationship","","","dd5315c5-f541-4bd2-a6ae-66ec176b7158","a700e3a7-f400-438c-8a55-a33b74322a44",""
"9f0b9725-827d-48dc-9e87-0954a30915ed","RealizationRelationship","","","01fc2fe7-6983-412c-b3bf-63d160b48284","b3ade1c3-7ef5-4643-9477-212f31781589",""
"2d560a5b-0e80-4098-8abd-a405b811d2cb","RealizationRelationship","","","e929c984-9af9-49d4-953b-831e53922c77","b3ade1c3-7ef5-4643-9477-212f31781589",""
"b87a3d62-d268-4292-b3dd-90b266dd8a1a","RealizationRelationship","","","e4413451-a49e-40d3-aa20-b3e1a1af9d0b","02eadf86-450e-42f3-b6da-0a4fa04f01a3",""
"2a521918-a403-4f14-adf8-1da581e60875","RealizationRelationship","","","011d4faf-7917-40fe-8f54-57f57214cba2","c8f71db3-6386-46e1-9dd9-4a40b0fe42e6",""
"26c9e6fa-894b-46b4-ac76-e3c974eaf269","RealizationRelationship","","","011d4faf-7917-40fe-8f54-57f57214cba2","3fc3bbb8-7031-43ff-bc4c-2effb75fc38c",""
"bc12bdea-497b-4540-9211-1e6c48f0c6da","RealizationRelationship","","","011d4faf-7917-40fe-8f54-57f57214cba2","68b01793-3d71-4e8c-a737-1c383866e79f",""
"440a15da-4378-4b16-aa5f-6635b07fe6c3","RealizationRelationship","","","011d4faf-7917-40fe-8f54-57f57214cba2","b3ade1c3-7ef5-4643-9477-212f31781589",""
"83daaa49-2617-4b70-bec6-2cd8eb969470","ServingRelationship","","","3d8d229e-5325-448b-a207-affde456e25d","6a442a2b-ef37-40ec-9143-395226c581d5",""
"2be48828-2b11-4d1c-a715-1c41db86e067","ServingRelationship","","","c6c42a81-34f1-4bcc-ba85-01c5682a060f","8b9d7aba-c683-48bc-93d3-347a6261fffb",""
"70a15186-eef3-41e4-9b6f-299244ae3f61","ServingRelationship","","","b3ade1c3-7ef5-4643-9477-212f31781589","ebe70435-a9dd-4a2d-b309-c93a19ac5a5e",""
"40c9391f-a1d7-4f20-98b4-f8a12f820c3c","ServingRelationship","","","b3ade1c3-7ef5-4643-9477-212f31781589","a2ceaaca-2dcb-4b90-80ff-d95f72b41559",""
"079381f5-acaf-463d-b76a-92257ba4d310","ServingRelationship","","","b779d28a-a8b5-444b-8ec3-32eabd8e257f","71576894-e6f0-49e0-b063-a9cb137c5735",""
"4010bd4f-7598-42af-a8d5-dbf85f0919bb","ServingRelationship","","","ea0cdb43-5512-4df4-958e-78c944cd1635","c6c42a81-34f1-4bcc-ba85-01c5682a060f",""
"4380576d-8219-49c7-bd98-9dc9553c84b6","ServingRelationship","","","d8cd9779-b081-4742-9dc5-684ccfae6d66","c6c42a81-34f1-4bcc-ba85-01c5682a060f",""
"bfe15cdf-8f82-469a-a08e-eb45f68c37da","ServingRelationship","","","02eadf86-450e-42f3-b6da-0a4fa04f01a3","4a0f839a-e490-4e37-bcfd-3a64c4cf962b",""
"773676a5-f8b5-456e-9c75-4c49587bb9bc","ServingRelationship","","","a700e3a7-f400-438c-8a55-a33b74322a44","55baf678-347f-4871-86dc-de37808ca24f",""
"27c31342-ccab-4830-b278-f78382f3d237","ServingRelationship","","","b3ade1c3-7ef5-4643-9477-212f31781589","c6c42a81-34f1-4bcc-ba85-01c5682a060f",""
"60db7506-1cb6-45dc-97fe-780f82b008f4","ServingRelationship","","","c6c42a81-34f1-4bcc-ba85-01c5682a060f","ea0cdb43-5512-4df4-958e-78c944cd1635",""
"1a290695-aaeb-41ca-b3cd-8e7da89cd1ea","ServingRelationship","","","c6c42a81-34f1-4bcc-ba85-01c5682a060f","d8cd9779-b081-4742-9dc5-684ccfae6d66",""
"cf13b84e-8264-4909-a118-84338d2f96b7","ServingRelationship","","","25611bfd-6114-476f-a4e6-44cd58bca7cd","e4413451-a49e-40d3-aa20-b3e1a1af9d0b",""
"192081b4-7e85-4578-a959-059aaf8c7080","ServingRelationship","","","b7f0b9f2-6403-420b-8260-2d3b25c9147e","011d4faf-7917-40fe-8f54-57f57214cba2",""
"6f5262ba-c065-48c0-a9a1-3b6ba1e117bf","ServingRelationship","","","cddf6f26-4525-4286-a4b2-01ed48b4fe04","011d4faf-7917-40fe-8f54-57f57214cba2",""
"c970f1e2-1ff4-405a-a534-89434a17e147","ServingRelationship","","","508316b9-e8ad-46e4-8afa-7bd7d46de23f","011d4faf-7917-40fe-8f54-57f57214cba2",""
"d3460e3c-f786-4982-9961-edae85910856","ServingRelationship","","","506debd8-bc8d-47c1-8129-7ae2a0ce29a1","0df89ce3-b402-4858-bb3a-742747fff367",""
"6fa4e610-63ec-43dd-90e1-6024bbe54bab","ServingRelationship","","","506debd8-bc8d-47c1-8129-7ae2a0ce29a1","011d4faf-7917-40fe-8f54-57f57214cba2",""
"51fc2f56-12f4-4fc5-9aa1-d21227f9323b","ServingRelationship","","","81101ff1-d86f-4c7f-a660-cf8208b1a2af","011d4faf-7917-40fe-8f54-57f57214cba2",""
"e3e1ac39-8b32-45fb-a8e8-f187357d6ce4","ServingRelationship","","","af10288f-40e3-4614-91a9-b599ef2cacc4","2005b087-7e34-40e0-a81e-86dbbfd40cfc",""
"c97af5e0-5ab7-45a2-af19-cb5f3b231fac","ServingRelationship","","","af10288f-40e3-4614-91a9-b599ef2cacc4","011d4faf-7917-40fe-8f54-57f57214cba2",""
"119a9be3-9f1f-48f6-a30d-553e66b0088f","ServingRelationship","","","25611bfd-6114-476f-a4e6-44cd58bca7cd","011d4faf-7917-40fe-8f54-57f57214cba2",""
"5cf7d67c-b6ba-491e-9800-aa5e340ba860","TriggeringRelationship","","","4a0f839a-e490-4e37-bcfd-3a64c4cf962b","f62131cc-510f-40a0-8bad-c0e4d4a7636b",""
"67922959-50ff-4076-a9f1-33ecbeaa563a","TriggeringRelationship","","","55baf678-347f-4871-86dc-de37808ca24f","ea0cdb43-5512-4df4-958e-78c944cd1635",""
"c7e8e5e4-cd84-451f-9303-835f51cce916","TriggeringRelationship","","","ea0cdb43-5512-4df4-958e-78c944cd1635","d8cd9779-b081-4742-9dc5-684ccfae6d66",""
"3a71fa4b-7b65-4664-858e-ea5a5283ef1a","TriggeringRelationship","","","d8cd9779-b081-4742-9dc5-684ccfae6d66","c6c42a81-34f1-4bcc-ba85-01c5682a060f",""
"b3f3e16b-2b85-4f6b-b72d-7b518020971b","TriggeringRelationship","","","4a0f839a-e490-4e37-bcfd-3a64c4cf962b","dd5315c5-f541-4bd2-a6ae-66ec176b7158",""
"5e1776b6-d86f-42b0-8bc8-225bfe1c1628","TriggeringRelationship","","","f62131cc-510f-40a0-8bad-c0e4d4a7636b","dd5315c5-f541-4bd2-a6ae-66ec176b7158",""
"d6256d43-7655-4bd0-aeda-74db2cd073a3","TriggeringRelationship","","","f62131cc-510f-40a0-8bad-c0e4d4a7636b","55baf678-347f-4871-86dc-de37808ca24f",""
"6b2b2cbf-aeaf-49c2-84e8-f40f99887319","TriggeringRelationship","","","ea0cdb43-5512-4df4-958e-78c944cd1635","d80f739b-8ce4-407f-a3a1-04c5c4aa906f",""
"03bcc5eb-efcc-4397-b35a-195b04efdd85","TriggeringRelationship","","","d80f739b-8ce4-407f-a3a1-04c5c4aa906f","d8cd9779-b081-4742-9dc5-684ccfae6d66",""
"e63b993e-f9ef-4e15-8515-795f46623732","TriggeringRelationship","","","dd5315c5-f541-4bd2-a6ae-66ec176b7158","90838b24-6cf0-4476-898a-a0c22d4934e2",""
"5bb7db66-1944-4ae0-b72b-e3b1e6a3040e","TriggeringRelationship","","","90838b24-6cf0-4476-898a-a0c22d4934e2","01fc2fe7-6983-412c-b3bf-63d160b48284",""
"08e6d26d-6fe1-4cd1-bf1a-c98abbf94330","TriggeringRelationship","","","01fc2fe7-6983-412c-b3bf-63d160b48284","e929c984-9af9-49d4-953b-831e53922c77",""
"5a8da2f0-d289-45a3-bf27-26b5384ec066","TriggeringRelationship","","","e4413451-a49e-40d3-aa20-b3e1a1af9d0b","011d4faf-7917-40fe-8f54-57f57214cba2",""
"3c490c3e-6b9c-4aad-9932-aa6624770955","TriggeringRelationship","","","9e72dc9f-4f37-4ec0-a671-b2fe899fd630","991a8613-b268-4b67-9c52-7956945b80f3",""
"2ac2ee3c-745c-4382-afa9-545057f93471","TriggeringRelationship","","","f3705c25-559e-4b89-a2ca-15677e842b2c","08380b9e-541c-4156-a8e5-fd9f38faaec1",""
"0f722842-fc12-455e-9ddd-04ee3d813d80","TriggeringRelationship","","","9e72dc9f-4f37-4ec0-a671-b2fe899fd630","f3705c25-559e-4b89-a2ca-15677e842b2c",""
"f279c93c-eb96-4738-a3e4-e96cd3f79cb8","TriggeringRelationship","","","08380b9e-541c-4156-a8e5-fd9f38faaec1","4f7eec2d-190c-4f76-b1ff-7ae61154e3ff",""
"c62a8256-f9c8-4cfe-a1a2-bbd6b319ea06","TriggeringRelationship","","","4f7eec2d-190c-4f76-b1ff-7ae61154e3ff","79bb1efa-bb84-4464-9ce1-de2ffc42eb37",""
"80bfcfe3-bfa9-4a1c-a450-8ab61884b8b7","TriggeringRelationship","","","0b92266d-6eb5-44d8-a429-105311249116","b3dcbfed-847a-4821-b79e-5970c3bb3e00",""
"db5fbb88-2447-4cfa-89b6-2fbb43c1a544","TriggeringRelationship","","","b3dcbfed-847a-4821-b79e-5970c3bb3e00","dd661028-4552-4841-ba53-beaa9f3fdbe9",""
"a657dad7-64d1-45ae-ba0b-f651bc4f3528","TriggeringRelationship","","","dd661028-4552-4841-ba53-beaa9f3fdbe9","c8f71db3-6386-46e1-9dd9-4a40b0fe42e6",""
"e9565e91-15c0-4504-b029-f61915d411ea","TriggeringRelationship","","","c8f71db3-6386-46e1-9dd9-4a40b0fe42e6","5be2452a-d962-4f64-9ade-8419f3d0db50",""
"1b381f5c-5281-4f30-bac4-3279cd87b43f","TriggeringRelationship","","","dd661028-4552-4841-ba53-beaa9f3fdbe9","6a734a17-bc94-44ef-afdb-b209f214fce3",""
"44517c25-2222-424e-a948-3986cce58cc0","TriggeringRelationship","","","6a734a17-bc94-44ef-afdb-b209f214fce3","770e6308-14ea-43a6-8bf7-e5665872d478",""
"1b0679c0-6249-48a5-a165-4f7607d95975","TriggeringRelationship","","","770e6308-14ea-43a6-8bf7-e5665872d478","d8b2066b-b937-4ac4-a330-3a3ee75a8029",""
"db968b37-9234-4af5-9add-f81a6d28be1c","TriggeringRelationship","","","d8b2066b-b937-4ac4-a330-3a3ee75a8029","91153ec7-bfe8-4d51-b402-46a49e5af110",""
"6a5d9b55-6482-4a72-8384-82dad017d521","TriggeringRelationship","","","dd661028-4552-4841-ba53-beaa9f3fdbe9","68b01793-3d71-4e8c-a737-1c383866e79f",""
"cda4ce75-77d1-41cc-9c3e-656dc1f6211c","TriggeringRelationship","","","011d4faf-7917-40fe-8f54-57f57214cba2","a5ace720-618a-4533-b734-755ce7928f70",""
"211346d3-fdb2-4375-b387-23dc432533e3","TriggeringRelationship","","","68b01793-3d71-4e8c-a737-1c383866e79f","a5ace720-618a-4533-b734-755ce7928f70",""
"2d50d2ea-2a22-4c81-a7d1-8603af79d996","TriggeringRelationship","","","a5ace720-618a-4533-b734-755ce7928f70","f982a094-1582-404e-88b1-c1f54e0bd747",""
"4e5a83c4-e10e-4865-99eb-cd63c3339dec","TriggeringRelationship","","","f982a094-1582-404e-88b1-c1f54e0bd747","770e6308-14ea-43a6-8bf7-e5665872d478",""
"e09b7bc0-0a7b-4cb5-a458-1b5b2cdb1f73","TriggeringRelationship","","","68b01793-3d71-4e8c-a737-1c383866e79f","47ec9056-a495-4a79-ac1f-f7213d07170f",""
"94e20a7d-18f4-4d7b-8103-809bbd62e94c","TriggeringRelationship","","","47ec9056-a495-4a79-ac1f-f7213d07170f","34665629-b390-42b7-a13c-f4fb8caf2533",""
"875598ae-9049-432a-aa55-982d446a80eb","TriggeringRelationship","","","34665629-b390-42b7-a13c-f4fb8caf2533","0debc6b3-aad5-4455-96ea-395958ce6eb7",""
"c61cb5de-49f2-4551-ad06-4197b7d80ebf","TriggeringRelationship","","","91153ec7-bfe8-4d51-b402-46a49e5af110","2005b087-7e34-40e0-a81e-86dbbfd40cfc",""
"95bbb2d6-2239-43e8-b9ef-beb7bf1d44ee","TriggeringRelationship","","","2005b087-7e34-40e0-a81e-86dbbfd40cfc","afaedec5-4fca-439e-b59b-78a6794a7be5",""
"3e3d1045-c824-469c-93bf-e25283159371","TriggeringRelationship","","","0debc6b3-aad5-4455-96ea-395958ce6eb7","71059047-2c5c-425b-a6a0-ff0c639513f6",""
"cd919f6a-209c-4cac-8c84-b6a3cad56cd8","TriggeringRelationship","","","71059047-2c5c-425b-a6a0-ff0c639513f6","e4813e8e-bd12-4808-b511-8afbf569b00d",""
"a211320b-5e5d-4681-ad4e-214953615705","TriggeringRelationship","","","e4813e8e-bd12-4808-b511-8afbf569b00d","fdabba3f-9bbb-425e-bd87-0124beb38a6b",""
"66804139-59ad-4171-a1d3-f20d46c0bf4d","TriggeringRelationship","","","b93274d0-6b1b-4a2d-9a09-af1fafc60011","34665629-b390-42b7-a13c-f4fb8caf2533",""
"eae3c51e-7ea1-4f82-aa5f-3c98442b0352","TriggeringRelationship","","","47ec9056-a495-4a79-ac1f-f7213d07170f","b93274d0-6b1b-4a2d-9a09-af1fafc60011",""
"47cc8811-7ac4-4afb-b40f-161ec68c18e0","TriggeringRelationship","","","afaedec5-4fca-439e-b59b-78a6794a7be5","0df89ce3-b402-4858-bb3a-742747fff367",""
"0083cc19-4fc5-4087-b85a-4db2db3315f9","TriggeringRelationship","","","0df89ce3-b402-4858-bb3a-742747fff367","e3f0321a-896d-4532-9abb-950ad432a50f",""
"5503dc8d-7e98-4d9d-abc7-a66c92ff4231","TriggeringRelationship","","","e3f0321a-896d-4532-9abb-950ad432a50f","3cdebf56-a0e9-495b-b8c5-4d5d1d5107ab",""
"7ebb9f66-3876-4dc8-9332-f18495dacfe6","TriggeringRelationship","","","fdabba3f-9bbb-425e-bd87-0124beb38a6b","f276115c-5862-4194-8535-a862c9f2108a",""
"8d4961c5-9dec-491d-b030-16c67cce32c1","TriggeringRelationship","","","f276115c-5862-4194-8535-a862c9f2108a","52706bb6-66de-43d5-926d-4aa9e6039088",""
"fe65178b-cd50-4212-884d-e7d76a3f6626","TriggeringRelationship","","","52706bb6-66de-43d5-926d-4aa9e6039088","b9075648-3998-450b-88b7-592cb250c9ec",""
"824a2195-f069-43c2-b35d-70174dbb5df8","TriggeringRelationship","","","af10288f-40e3-4614-91a9-b599ef2cacc4","011d4faf-7917-40fe-8f54-57f57214cba2",""
"368f8ada-4188-422f-a76e-7b6d85ca0753","TriggeringRelationship","","","08380b9e-541c-4156-a8e5-fd9f38faaec1","e08b59a3-730a-444b-856e-dccd4369b07e",""